time,dt
0,0
0.5,0.5
0.91666666666667,0.41666666666667
1.2638888888889,0.34722222222222
1.5972222222222,0.33333333333333
1.9305555555556,0.33333333333333
2.2638888888889,0.33333333333333
2.5972222222222,0.33333333333333
2.9305555555556,0.33333333333333
3.5972222222222,0.66666666666667
4.9305555555556,1.3333333333333
5,0.069444444444445
