time,_dt,disp_x2,disp_x3,disp_y3,disp_y4,elas_str_xx,elas_str_yy,elas_str_zz,eps_crp_mag,eps_crp_xx,eps_crp_yy,eps_crp_zz,invariant3,matl_ts_min,pressure,sigma_xx,sigma_yy,sigma_zz,vonmises
0,0,0,0,0,0,0,0,0,0,0,0,0,0,1.7976931348623e+308,0,0,0,0,0
1e-06,1e-06,7.1525649570455e-05,7.1525649570455e-05,6.5001870241812e-06,6.5001870241812e-06,0.00071499993055538,6.4999930609568e-05,2.3101834110812e-10,4.0565508653527e-10,4.0428231937107e-10,-1.7326397826295e-10,-2.3101834110812e-10,1800000.9224305,24.651484307545,130.00001536388,199.99999995275,99.999999961082,90.000046177817,105.35651120004
2e-06,1e-06,7.1525683105977e-05,7.1525683105977e-05,6.5001627741712e-06,6.5001627741712e-06,0.00071499986138894,6.4999861388985e-05,4.6203627373629e-10,8.1130966681389e-10,8.0856414621558e-10,-3.4652787247929e-10,-4.6203627373629e-10,1800001.8481428,24.651515072581,130.00003080237,199.99999999994,99.999999999943,90.000092407218,105.35648490308
3e-06,1e-06,7.1525716627558e-05,7.1525716627558e-05,6.5001385157016e-06,6.5001385157016e-06,0.00071499979208376,6.4999792083719e-05,6.9305379768177e-10,1.2169637405349e-09,1.2128454802367e-09,-5.1979168255493e-10,-6.9305379768177e-10,1800002.7722133,24.651545855981,130.00004620355,199.99999999996,99.99999999995,90.000138610731,105.35645859048
5e-06,2e-06,7.1525783670546e-05,7.1525783670546e-05,6.5000899988329e-06,6.5000899988329e-06,0.00071499965347371,6.4999653473739e-05,1.1550872108401e-09,2.0282698617382e-09,2.0214061769762e-09,-8.6631896613607e-10,-1.1550872108401e-09,1800004.6203472,24.651607423273,130.00007700578,199.99999999996,99.99999999996,90.000231017417,105.35640596545
9e-06,4e-06,7.1525917755922e-05,7.1525917755922e-05,6.4999929654079e-06,6.4999929654079e-06,0.00071499937625529,6.4999376255764e-05,2.0791474982579e-09,3.6508739992028e-09,3.6385196852528e-09,-1.5593721869949e-09,-2.0791474982579e-09,1800008.316587,24.651730558571,130.00013860976,199.99999999988,99.99999999995,90.000415829448,105.35630071627
1.7e-05,8e-06,7.1526185924322e-05,7.1526185924322e-05,6.4997988998619e-06,6.4997988998619e-06,0.00071499882182711,6.4998821827529e-05,3.9272419177781e-09,6.8960498545252e-09,6.872715161116e-09,-2.9454732433379e-09,-3.9272419177781e-09,1800015.7089664,24.651976831638,130.00026181609,199.99999999993,99.999999999992,90.00078544836,105.35609022168
3.3e-05,1.6e-05,7.1526722251571e-05,7.1526722251571e-05,6.4994107740601e-06,6.4994107740602e-06,0.00071499771300145,6.4997713002368e-05,7.6233261376912e-09,1.3386271887827e-08,1.3340979950841e-08,-5.7176538131501e-09,-7.6233261376912e-09,1800030.4933015,24.652469388416,130.00050822166,199.99999999983,99.999999999975,90.00152466517,105.35566924694
6.5e-05,3.2e-05,7.1527794868121e-05,7.1527794868121e-05,6.4986345436511e-06,6.4986345436512e-06,0.00071499549547533,6.4995495477708e-05,1.5015076118204e-08,2.6366197253949e-08,2.627700488857e-08,-1.1261928770366e-08,-1.5015076118204e-08,1800060.0602964,24.653454544139,130.00100100486,199.99999999957,99.999999999934,90.003003015074,105.35482735558
0.000129,6.4e-05,7.1529939949416e-05,7.1529939949416e-05,6.4970821676179e-06,6.4970821676179e-06,0.00071499106092459,6.4991060931175e-05,2.9796902379626e-08,5.2323973255533e-08,5.2147036247544e-08,-2.2350133867918e-08,-2.9796902379626e-08,1800119.187593,24.655425024122,130.00198645969,199.99999999895,99.999999999967,90.005959380152,105.35314380539
0.000257,0.000128,7.1534229504613e-05,7.1534229504613e-05,6.4939777547903e-06,6.4939777547903e-06,0.00071498219382543,6.4982193849672e-05,5.9353861204543e-08,1.0423122690506e-07,1.0387902530177e-07,-4.4525164097223e-08,-5.9353861204543e-08,1800237.4154003,24.659366658896,130.00395692272,199.99999999656,100.00000000029,90.011870771297,105.34977763437
0.000513,0.000256,7.1542806184768e-05,7.1542806184768e-05,6.4877702871065e-06,6.4877702871064e-06,0.0007149644676278,6.4964467736878e-05,1.1844101286402e-07,2.0801254533925e-07,2.0731071197169e-07,-8.8869699107674e-08,-1.1844101286402e-07,1800473.76392,24.667252629126,130.00789606292,199.9999999863,100.00000000308,90.023688199388,105.34304900681
0.001025,0.000512,7.1559949817675e-05,7.1559949817675e-05,6.4753607915709e-06,6.4753607915709e-06,0.00071492904714619,6.4929047747836e-05,2.3650832257393e-07,4.1544246307508e-07,4.1404494523553e-07,-1.775366226616e-07,-2.3650832257393e-07,1800946.0328635,24.683035387984,130.01576720277,199.9999999321,100.00000002466,90.047301651542,105.32960658231
0.002049,0.001024,7.1594198124167e-05,7.1594198124167e-05,6.4505636227036e-06,6.4505636227035e-06,0.00071485833313591,6.485833698834e-05,4.7221552946862e-07,8.2977171155907e-07,8.2699705609253e-07,-3.5478152662391e-07,-4.7221552946862e-07,1801888.8605992,24.714644301525,130.03148094229,199.99999959634,100.00000018902,90.094443041501,105.30278084052
0.004097,0.002048,7.1662542285192e-05,7.1662542285192e-05,6.4010542442601e-06,6.4010542442601e-06,0.00071471741792197,6.4717417922169e-05,9.4194025925994e-07,1.6563374590449e-06,1.6508646924879e-06,-7.0892443322793e-07,-9.4194025925994e-07,1803767.7610349,24.777218342637,130.06279601723,199.99999999993,99.999999999957,90.188388051817,105.24936543195
0.008193,0.004096,7.1798622583402e-05,7.1798622583401e-05,6.3023754483583e-06,6.3023754483582e-06,0.00071443759120848,6.4437591209358e-05,1.8746959705845e-06,3.3011687528335e-06,3.2905189759426e-06,-1.4158230053581e-06,-1.8746959705845e-06,1807498.7838844,24.902249947867,130.1249797314,199.99999999997,100.0000000001,90.374939194138,105.14346330651
0.01638,0.008187,7.2068242901533e-05,7.2068242901533e-05,6.1064669839271e-06,6.106466983927e-06,0.00071388611469827,6.3886114711639e-05,3.712950980296e-06,6.5564248766602e-06,6.5362605900215e-06,-2.8233096097255e-06,-3.712950980296e-06,1814851.8039161,25.150094765434,130.24753006503,199.9999999986,100.00000000066,90.742590195838,104.93541164138
0.03276,0.01638,7.2598580184135e-05,7.2598580184136e-05,5.7196111273328e-06,5.7196111273349e-06,0.00071281270735111,6.2812707533051e-05,7.2909751642381e-06,1.2945389375631e-05,1.290920742533e-05,-5.6182322610923e-06,-7.2909751642381e-06,1829163.9006538,25.637957454041,130.48606500807,199.99999998268,100.00000001067,91.458195030852,104.53297529707
0.05734,0.02458,7.337521373167e-05,7.3375213731673e-05,5.149896916932e-06,5.1498969169349e-06,0.00071126482792193,6.1264828759314e-05,1.2450572074027e-05,2.2272209916412e-05,2.2217758056247e-05,-9.7671859822194e-06,-1.2450572074027e-05,1849802.2883236,26.354104158568,130.83003812588,199.99999992129,100.00000005012,92.490114406228,103.95858271466
0.106,0.04866,7.4845744597549e-05,7.4845744597551e-05,4.0599521707332e-06,4.0599521707344e-06,0.00070841821529206,5.8418229445996e-05,2.1939256995757e-05,3.9832832469838e-05,3.9758789236856e-05,-1.7819532241098e-05,-2.1939256995757e-05,1887757.0300065,27.709723759484,131.46261695564,199.99999870653,100.00000088405,94.387851276326,102.92089552791
0.18,0.074,7.6951368607555e-05,7.6951368607556e-05,2.4770199939327e-06,2.4770199939335e-06,0.00070450957250465,5.4509661128012e-05,3.4967934527043e-05,6.4789952455869e-05,6.4707702850788e-05,-2.9739768323746e-05,-3.4967934527043e-05,1939871.759567,29.65085716678,132.33119469328,199.99999209607,100.00000573043,96.993586253357,101.53658324917
0.291,0.111,7.9875489070919e-05,7.987548907092e-05,2.3771429235676e-07,2.3771429236009e-07,0.00069939046849599,4.9390468529967e-05,5.2031771620563e-05,9.9127563489257e-05,9.9045100396096e-05,-4.7013328775533e-05,-5.2031771620563e-05,2008127.0864947,32.326069478763,133.46878477442,199.99999999706,100.00000000229,100.40635432392,99.797443307072
0.457,0.166,8.3857862631138e-05,8.3857862631143e-05,-2.883543826773e-06,-2.8835438267741e-06,0.00069295684408801,4.2956844298753e-05,7.3477186008698e-05,0.00014539240719993,0.00014526988462758,-7.1792698618887e-05,-7.3477186008698e-05,2093908.7441376,35.880376261088,134.89847906591,199.99999998225,100.00000001467,104.69543720081,97.736909125582
0.706,0.249,8.9223876678868e-05,8.9223876678871e-05,-7.2083189843912e-06,-7.2083189844092e-06,0.00068518398709051,3.5183988283193e-05,9.938670766999e-05,0.00020702703469421,0.00020665648411041,-0.00010726977644042,-9.938670766999e-05,2197546.8314779,40.399368037546,136.62578050728,199.99999990358,100.00000008707,109.87734153119,95.445417358331
1.08,0.374,9.6411023989546e-05,9.6411023989518e-05,-1.3190113438538e-05,-1.3190113438481e-05,0.00067619839964444,2.6198406719584e-05,0.00012933865605742,0.00028871244524456,0.0002874468967917,-0.00015810824073417,-0.00012933865605753,2317354.6305219,45.785409839998,138.62257707024,199.99999945546,100.00000054395,115.86773121131,93.086044117101
1.64,0.56,0.00010603175710289,0.00010603175710282,-2.1483981968654e-05,-2.148398196856e-05,0.00066633064374407,1.6330695152586e-05,0.00016223110342188,0.00039720108265805,0.0003934246987894,-0.0002311935953674,-0.00016223110342199,2448924.4710102,51.618308917011,140.81540705309,199.99999622815,100.00000413715,122.44622079397,90.880193509092
2.48,0.84,0.00011910800028693,0.00011910800028685,-3.3174762720366e-05,-3.317476272014e-05,0.00065607375020409,6.0741749901787e-06,0.00019642014816255,0.0005441595965183,0.00053429698778932,-0.00033787683962654,-0.00019642014816278,2585681.1527227,57.158988474626,143.0946788928,199.99997003411,100.00003538582,129.28403125849,89.045727974034
3.74,1.26,0.00013729722056163,0.00013729722056133,-5.0015059668903e-05,-5.0015059668565e-05,0.00064618424719582,-3.8157525096871e-06,0.00022938584222757,0.00074897868035491,0.00072584579407389,-0.00049645995184621,-0.00022938584222768,2717543.3694481,61.517705108093,145.29238948562,199.99999998171,100.00000002701,135.87716844813,87.746534771293
5.63,1.89,0.0001632968296124,0.00016329682960802,-7.4819811031761e-05,-7.4819811027414e-05,0.00063763164204662,-1.2368355934155e-05,0.00025789452338453,0.0010435447515097,0.00099400428788879,-0.00073610976450415,-0.00025789452338464,2831578.0972371,64.162175654547,147.1929682495,199.99999987221,100.00000018286,141.57890469343,87.01100390197
8.46,2.83,0.00020127313734603,0.00020127313726788,-0.00011185046936152,-0.00011185046928381,0.00063131697249643,-1.8683008644197e-05,0.00027894339477524,0.0014769098765175,0.0013793909748706,-0.0011004475800954,-0.00027894339477519,2915773.6079401,65.302901302262,148.59622643791,199.99999868724,100.00000158868,145.78867903782,86.704871778881
12.7,4.24,0.00025759514687173,0.00025759514498082,-0.00016746153501004,-0.00016746153310635,0.00062753505972458,-2.2464759057141e-05,0.00029154950206828,0.0021229832802431,0.0019451034910715,-0.0016535539890033,-0.00029154950206816,2966198.2357481,65.627217274407,149.43663378929,199.99998642713,100.00001430687,148.30990063386,86.619006315868
19.1,6.4,0.00034234589098082,0.00034234580417751,-0.00025154825995696,-0.00025154817279159,0.00062577933160839,-2.421932077647e-05,0.00029739995780496,0.0030973395791861,0.0027918308148682,-0.0024944308570633,-0.00029739995780482,2989601.2224236,65.684373100222,149.82666143948,199.9998935517,100.00010087711,149.47998988963,86.603922017656
28.7,9.6,0.00046946318081205,0.0004694631169708,-0.00037767337424697,-0.00037767331049907,0.00062517828761361,-2.4821711774166e-05,0.00029940570624359,0.0045587643231692,0.0040584634510931,-0.0037590577448497,-0.0002994057062434,2997622.8211406,65.689319164432,149.96038034717,199.99999987321,99.999999967401,149.8811412009,86.60262186139
43,14.3,0.00065906317609601,0.00065906311186377,-0.00056530087603059,-0.00056530081257216,0.00062502957821267,-2.4970418978816e-05,0.00029990140018466,0.0067356682588491,0.0059439653590855,-0.0056440639589011,-0.00029990140018446,2999605.5967959,65.689623455583,149.99342656975,199.99999965793,100.00000009001,149.98027996131,86.602542249423
64.5,21.5,0.00094478802843718,0.00094478798650362,-0.00084674798397589,-0.00084674794385336,0.00062500344328163,-2.4996534170866e-05,0.00029998847805898,0.010008634798582,0.0087784810661645,-0.0084784925881058,-0.00029998847805873,2999953.893816,65.68964042296,149.99923119496,199.99999748599,100.00000095484,149.99769514404,86.602537404985
107.5,43,0.0015186860003421,0.0015186859606784,-0.0014072738685119,-0.0014072738361914,0.00062499985060259,-2.499964333176e-05,0.00029999918305796,0.016554543520791,0.014447409662944,-0.014147410479886,-0.00029999918305771,2999994.2151985,65.689886162223,149.99989838813,199.9999066691,99.999984525358,149.99980396993,86.602472953065
108,0.5,0.0015253781677502,0.0015253781276404,-0.0014137726940507,-0.0014137726611064,0.00062500020097069,-2.4999784324726e-05,0.00029999930517792,0.016630659026182,0.014513327685294,-0.014213328380116,-0.00029999930517767,2999997.2349679,65.689637377068,149.99995363731,199.99999882132,100.00000108357,149.99986100705,86.602538419395
173.68963737707,65.689637377068,0.0024085196261291,0.0024085195846064,-0.0022639539827099,-0.0022639539505668,0.00062500000847087,-2.4999991353717e-05,0.00029999997107418,0.026630660040129,0.02317358293419,-0.022873582963116,-0.00029999997107393,2999999.8818866,65.689630700202,149.99999803189,199.99999994067,99.999999967659,149.99999418734,86.602540355073
194,20.310362622932,0.0026831023647736,0.0026831023230021,-0.0025253079206348,-0.0025253078885402,0.00062499999154023,-2.4999991670223e-05,0.00029999999548979,0.029722527022128,0.025851218297931,-0.025551218302442,-0.00029999999548965,2999999.9702434,65.689639105635,149.99999922663,199.99999816309,100.0000007461,149.99999877071,86.602538141494
259.68963910564,65.689639105635,0.0035763145587815,0.0035763145162057,-0.0033659036616574,-0.0033659036296652,0.00062499999988329,-2.4999999955386e-05,0.00029999999972551,0.039722528300299,0.034511473444823,-0.034211473445097,-0.00029999999972537,2999999.9964926,65.689630702739,149.99999994224,199.99999994205,99.999999966873,149.99999991778,86.602540356949
325.37926980837,65.689630702739,0.0044772964443254,0.0044772964008074,-0.0041992502224368,-0.004199250190699,0.00062499999983067,-2.5000000009748e-05,0.0002999999999006,0.049722528299423,0.043171727481996,-0.042871727482096,-0.00029999999990054,2999999.9971698,65.689630702254,149.99999995359,199.99999994182,99.999999966368,149.99999995257,86.602540357181
366,40.620730191626,0.005038321318214,0.0050383209845276,-0.0047109362418259,-0.0047109359152644,0.00062499971762019,-2.4999878059749e-05,0.00029999992646519,0.055906244582622,0.048526982836324,-0.048226982909859,-0.00029999992646514,2999997.9300871,65.689824690342,149.99996100427,199.99992955991,99.999991762996,149.99996168991,86.602486508994
431.68982469034,65.689824690342,0.0059520235520734,0.0059520231831479,-0.0055326859889837,-0.0055326857292558,0.00062499999965185,-2.4999999268954e-05,0.00029999999626246,0.06590627404194,0.057187262421584,-0.056887262425322,-0.00029999999626243,2999999.9659106,65.689630109816,149.99999944089,199.99999955936,99.999999725394,149.99999903792,86.602540234658
497.37945480016,65.689630109816,0.0068736710641221,0.0068736706877833,-0.0063473467867233,-0.0063473465285802,0.00062499999878669,-2.5000000152491e-05,0.00029999999915431,0.075906273881477,0.06584751632191,-0.065547516322756,-0.00029999999915428,2999999.977308,65.689631116001,149.99999963142,199.99999955817,99.999999721368,149.99999961472,86.602540237106
563.06908591616,65.689631116001,0.0078033357482104,0.0078033353652025,-0.0071549821809314,-0.0071549819234048,0.00062499999874554,-2.5000000193556e-05,0.0002999999992695,0.085906273874181,0.074507770353493,-0.074207770354224,-0.00029999999926956,2999999.9776252,65.689631110524,149.99999963691,199.99999955564,99.999999718855,149.99999963625,86.602540237094
628.75871702668,65.689631110524,0.0087410873295683,0.0087410869400634,-0.0079556527438971,-0.0079556524867047,0.00062499999873643,-2.5000000198072e-05,0.00029999999926919,0.095906273865697,0.08316802438399,-0.082868024384721,-0.00029999999926933,2999999.9774779,65.689631111966,149.99999963459,199.99999955263,99.999999716552,149.99999963459,86.602540236483
694.44834813865,65.689631111966,0.0096869961540234,0.0096869957580962,-0.0087494185384754,-0.0087494182814399,0.00062499999872757,-2.5000000199804e-05,0.00029999999926417,0.10590627385689,0.091828278414201,-0.091528278414937,-0.00029999999926428,2999999.9773169,65.689631114858,149.99999963199,199.99999954947,99.999999714485,149.99999963202,86.602540235534
710,15.551651861351,0.0099121156870004,0.009912115289585,-0.0089363159415703,-0.0089363156845778,0.00062499999659438,-2.4999998407349e-05,0.00029999999912629,0.10827371771595,0.093878544938116,-0.093578544938989,-0.00029999999912643,2999999.9766532,65.689633100477,149.99999955222,199.99999916606,99.999999935023,149.99999955558,86.602539712501
775.68963310048,65.689633100477,0.010868210994236,0.010868210590629,-0.009721624783352,-0.0097216245261438,0.00062499999871323,-2.5000000197673e-05,0.00029999999925077,0.11827371800858,0.10253879922945,-0.1022387992302,-0.00029999999925091,2999999.9770604,65.689631121717,149.99999962772,199.99999954431,99.999999711858,149.999999627,86.602540233339
841.37926422219,65.689631121717,0.011832623082346,0.0118326226726,-0.010500161308317,-0.010500161050747,0.00062499999869748,-2.5000000197323e-05,0.00029999999925011,0.12827371799875,0.11119905325878,-0.11089905325953,-0.00029999999925036,2999999.9769031,65.689631129056,149.99999962504,199.99999954003,99.999999710058,149.99999962505,86.602540231194
907.06889535125,65.689631129056,0.012805424325958,0.012805423910169,-0.011271983942931,-0.011271983684783,0.00062499999868131,-2.5000000194301e-05,0.00029999999924386,0.13827371798856,0.11985930728779,-0.11955930728855,-0.00029999999924411,2999999.976715,65.689631137433,149.99999962181,199.9999995353,99.999999708284,149.99999962185,86.602540228636
972.75852648868,65.689631137433,0.013786687700087,0.01378668727823,-0.0120371505859,-0.012037150327129,0.00062499999866346,-2.500000019068e-05,0.00029999999923678,0.14827371797799,0.12851956131648,-0.12821956131724,-0.00029999999923709,2999999.976509,65.689631147835,149.99999961826,199.9999995301,99.999999706383,149.9999996183,86.602540225775
1000,27.241473511318,0.014196083286895,0.014196082862708,-0.012352499485871,-0.012352499226851,0.00062499995645119,-2.4999971806679e-05,0.00029999999314866,0.15242071320608,0.13211096453034,-0.13181096453719,-0.00029999999314899,2999999.8419935,65.689666832133,149.99999629886,199.99999073786,100.00000177511,149.99999638362,86.602530819904
