time,dt
0,0
0.5,0.5
1.05,0.55
1.655,0.605
2.1995,0.5445
2.68955,0.49005
3.228605,0.539055
3.8215655,0.5929605
4.47382205,0.65225655
5.191304255,0.717482205
5.9805346805,0.7892304255
